Weights : 0
0.04540454420291162
0.4870379910286555
0.5203087970614979
-0.47252089457108126
0.8377435149610479
0.6945701367799222
0.6171568755235048
0.3650126690184661
0.7401647898827914
0.3389642326362743
-0.25700407200950837
0.8506762672668975
0.3154170323215959
-0.24781850565583907
0.9891161494006036
0.2624463594416002
Weights : 1
0.4836836938050884
0.8898584059123732
0.9276045229958202
-0.9327582658039051
0.5316599327655687
0.8113491547254308
0.5909155770261965
0.610898871545481
0.743274810066294
0.6732146058439751
-0.7915400339020334
0.6673145114116572
0.3568749658032817
-0.42583843556517254
0.984090695759827
0.5375021612324701
Weights : 2
0.2541441424251343
0.5191133900835789
0.6119783370174033
-1.0608287537292294
0.5847337278894718
0.4268763684861757
0.8693085872024517
0.9442815586650244
0.6650540947110484
0.773477344731943
-1.0118496117985154
0.4478348868910166
0.7556551021106082
-0.7185209572257106
0.6222755661986615
0.8630396181195232
