Weights : 0
0.3995931933122536
0.3863420346514017
-0.8692190302074876
0.6761933190232614
-0.16290624746003934
-0.29969182385228854
0.9609648446144552
0.012249772137955528
-0.012421080178466326
-0.7158655772893796
0.10492337667311724
Weights : 1
0.9640218216903071
0.41297670828175226
-0.8958429250820447
0.903189271015772
-0.19223758490933218
-0.8346546244248869
0.9960122714169714
0.24816376394141595
-0.44361787506986705
-0.9461640706921561
0.4643396831976628
Weights : 2
0.9665058515489533
0.7649439582399504
-0.9864010069843511
0.905293426489825
-0.27885522716731304
-0.9015427009432665
0.9989455292611895
0.8003511349810483
-0.5670132636470102
-0.9493747580506067
0.5251984072593522
Weights : 3
0.9966267436675118
0.7666343370535138
-0.989230358858988
0.9970428577618397
-0.6377185964332917
-0.9087112577767936
0.9995656612101281
0.9042866869861829
-0.6155783354550912
-0.9860271290856972
0.7503532836734759
Weights : 4
0.9972562830771289
0.9299462716791643
-0.9954905925988347
0.9978571218950154
-0.8224275556396579
-0.9262085298511625
0.9998554698103203
0.9521763690297306
-0.640409899546815
-0.9953311243690502
0.815236383567223
Weights : 5
0.9987995986288982
0.9494814875083392
-0.9971872446813133
0.9986167884309308
-0.9388083524910537
-0.9966326800911842
0.9998740290782471
0.9714325573647327
-0.6827760102121836
-0.9999017212008315
0.8448028446751676
Weights : 6
0.9988740415198163
0.9615806509219826
-0.9984763666977179
0.9988706438536923
-0.9812457098191472
-0.9984631101555422
0.9999303469010895
0.9761669764008419
-0.6905526118696034
-0.9999749895050576
0.8504786705804764
Weights : 7
0.9991982975223768
0.9784645725678881
-0.9987127206849702
0.9997820414650407
-0.993532070040024
-0.9985101094446326
0.9999478805240054
0.9887863996643713
-0.7105635718251835
-0.9999903212308211
0.8688054491307695
Weights : 8
0.28661771833978045
0.9825514818850241
-0.9987514430954196
-0.40089205303066633
-0.7413672422604922
-0.9999174616929581
0.6901416709044954
0.09951932128935037
-0.8832209053328449
-0.9999922237113777
-0.6028037542276719
Weights : 9
0.09536774943138138
0.9919131196298084
-0.9990280175253433
-0.5810603507846313
0.09491574354275278
-0.9999921143152638
-0.3892767089614928
-0.048950904893362956
-0.9054381412043249
-0.9999923621528274
-0.7781896521172313
Weights : 10
-0.35864024179684084
0.9938082540112135
-0.9991752579686456
-0.6214348633699529
0.39924740702137773
-0.9999979000131421
-0.48908613568554926
-0.08353247080138615
-0.9589510876642618
-0.9999954088364276
-0.968855246730614
Weights : 11
-0.4040989578371633
0.9973462052271124
-0.9994818227240322
-0.7522743698727816
0.5151854865506225
-0.9999998000113306
-0.9251452608672087
-0.2912372943558126
-0.9666244170293397
-0.9999985076772876
-0.988013042659058
Weights : 12
-0.861393198404325
0.9995303772148078
-0.9998336052397211
-0.9193769943283266
0.5357470274237238
-0.9999998847817579
-0.9951559779351432
-0.3076601045570525
-0.9682278559039126
-0.9999995755054952
-0.9956442402790379
Weights : 13
0.5460468377511716
-0.32459983679075144
0.20802834600090514
0.8147182166367783
-0.004823368900081615
-0.48619250834501826
-0.776160576595166
0.7328332238258499
-0.6698534358493025
-0.9955582791027329
-0.9264611448131403
Weights : 14
-0.782021642615035
0.8041370893502708
-0.5257721538086688
-0.43349328754814453
-0.5495446709690275
-0.5718204816701538
-0.6698869245636949
0.7143832686565528
-0.7996935102288636
-0.8438283743837669
-0.9754721052776316
